0000 1000 0100 0010 0001 1100 1010 1001 0110 0101 0011 1110 1101 1011 0111 1111
0000 1000 0100 0001 1100 1001 0101 0011 1101 1011 0111 1111
0000 1000 0010 0001 1010 1001 0101 0011 1101 1011 0111 1111
0000 1000 0001 1001 0101 0011 1101 1011 0111 1111
0000 0100 0010 0001 1001 0110 0101 0011 1101 1011 0111 1111
0000 0100 0001 1001 0101 0011 1101 1011 0111 1111
0000 0010 0001 1001 0101 0011 1101 1011 0111 1111
0000 0001 1001 0101 0011 1101 1011 0111 1111
0000 1000 0100 0010 1100 1010 0110 0011 1110 1011 0111 1111
0000 1000 0010 0001 1010 1001 0110 0011 1110 1011 0111 1111
0000 1000 0010 0001 1010 1001 0011 1011 0111 1111
0000 1000 0001 1001 0011 1011 0111 1111
0000 0010 0001 1001 0110 0011 1011 0111 1111
0000 0010 0001 1001 0011 1011 0111 1111
0000 0001 1001 0011 1011 0111 1111
0000 1000 0010 1010 0110 0011 1110 1011 0111 1111
0000 1000 0010 1010 0011 1011 0111 1111
0000 0100 0010 0001 1010 0110 0101 0011 1110 1011 0111 1111
0000 0010 0001 1010 0101 0011 1011 0111 1111
0000 0100 0010 0001 0110 0101 0011 1011 0111 1111
0000 0100 0001 0101 0011 1011 0111 1111
0000 0010 0001 0101 0011 1011 0111 1111
0000 0001 0101 0011 1011 0111 1111
0000 0100 0010 1010 0110 0011 1110 1011 0111 1111
0000 0100 0010 0110 0011 1011 0111 1111
0000 0010 0001 1010 0110 0011 1110 1011 0111 1111
0000 0010 0001 1010 0011 1011 0111 1111
0000 0010 0001 0110 0011 1011 0111 1111
0000 0010 0001 0011 1011 0111 1111
0000 0001 0011 1011 0111 1111
0000 0010 1010 0110 0011 1110 1011 0111 1111
0000 0010 1010 0011 1011 0111 1111
0000 0010 0110 0011 1011 0111 1111
0000 0010 0011 1011 0111 1111
0000 1000 0100 0010 1100 1010 0110 0101 1110 1101 0111 1111
0000 1000 0100 0010 1100 1010 0110 1110 0111 1111
0000 1000 0010 1010 0110 1110 0111 1111
0000 0100 0010 1010 0110 0101 1110 0111 1111
0000 0100 0010 1010 0110 1110 0111 1111
0000 0010 1010 0110 1110 0111 1111
0000 1000 0100 0001 1100 1001 0110 0101 1110 1101 0111 1111
0000 1000 0100 0001 1100 1001 0101 1101 0111 1111
0000 1000 0001 1001 0101 1101 0111 1111
0000 0100 0001 1001 0110 0101 1101 0111 1111
0000 0100 0001 1001 0101 1101 0111 1111
0000 0001 1001 0101 1101 0111 1111
0000 1000 0100 1100 0110 0101 1110 1101 0111 1111
0000 1000 0100 1100 0101 1101 0111 1111
0000 1000 0100 1100 0110 1110 0111 1111
0000 0100 0010 0001 1100 0110 0101 0011 1110 1101 0111 1111
0000 0100 0001 1100 0101 0011 1101 0111 1111
0000 0100 0010 0001 0110 0101 0011 1101 0111 1111
0000 0100 0001 0101 0011 1101 0111 1111
0000 0010 0001 0101 0011 1101 0111 1111
0000 0001 0101 0011 1101 0111 1111
0000 0100 0010 1100 0110 0011 1110 0111 1111
0000 0100 0010 0001 0110 0101 0011 1110 0111 1111
0000 0100 0010 0001 0110 0101 0011 0111 1111
0000 0100 0001 0101 0011 0111 1111
0000 0010 0001 0101 0011 0111 1111
0000 0001 0101 0011 0111 1111
0000 0100 0010 0110 0011 1110 0111 1111
0000 0100 0010 0110 0011 0111 1111
0000 0010 0001 0110 0011 1110 0111 1111
0000 0010 0001 0110 0011 0111 1111
0000 0010 0001 0011 0111 1111
0000 0001 0011 0111 1111
0000 0010 0110 0011 1110 0111 1111
0000 0010 0110 0011 0111 1111
0000 0010 0011 0111 1111
0000 0100 0010 1100 0110 0101 1110 1101 0111 1111
0000 0100 0010 0110 0101 1101 0111 1111
0000 0100 0010 1100 0110 1110 0111 1111
0000 0100 0010 0110 0101 1110 0111 1111
0000 0100 0010 0110 0101 0111 1111
0000 0100 0010 0110 1110 0111 1111
0000 0100 0010 0110 0111 1111
0000 0010 0110 1110 0111 1111
0000 0010 0110 0111 1111
0000 0100 0001 1100 0110 0101 1110 1101 0111 1111
0000 0100 0001 1100 0101 1101 0111 1111
0000 0100 0001 0110 0101 1101 0111 1111
0000 0100 0001 0101 1101 0111 1111
0000 0001 0101 1101 0111 1111
0000 0100 0001 0110 0101 1110 0111 1111
0000 0100 0001 0110 0101 0111 1111
0000 0100 0001 0101 0111 1111
0000 0001 0101 0111 1111
0000 0100 1100 0110 0101 1110 1101 0111 1111
0000 0100 1100 0101 1101 0111 1111
0000 0100 0110 0101 1101 0111 1111
0000 0100 0101 1101 0111 1111
0000 0100 1100 0110 1110 0111 1111
0000 0100 0110 0101 1110 0111 1111
0000 0100 0110 0101 0111 1111
0000 0100 0101 0111 1111
0000 0100 0110 1110 0111 1111
0000 0100 0110 0111 1111
0000 1000 0100 0010 1100 1010 1001 0110 1110 1101 1011 1111
0000 1000 0100 0010 1100 1010 0110 1110 1011 1111
0000 1000 0010 1010 1001 0110 1110 1011 1111
0000 1000 0010 1010 0110 1110 1011 1111
0000 0100 0010 1010 0110 1110 1011 1111
0000 0010 1010 0110 1110 1011 1111
0000 1000 0100 0010 1100 1010 0110 1110 1101 1111
0000 1000 0100 0010 1100 1010 0110 1110 1111
0000 1000 0010 1010 0110 1110 1111
0000 0100 0010 1010 0110 1110 1111
0000 0010 1010 0110 1110 1111
0000 1000 0100 1100 1001 0110 1110 1101 1111
0000 1000 0100 1100 0110 1110 1101 1111
0000 1000 0100 1100 0110 1110 1111
0000 0100 0010 1100 0110 1110 1101 1111
0000 0100 0010 1100 0110 1110 1111
0000 0100 0010 0110 1110 1111
0000 0010 0110 1110 1111
0000 0100 1100 0110 1110 1101 1111
0000 0100 1100 0110 1110 1111
0000 0100 0110 1110 1111
0000 1000 0100 0001 1100 1010 1001 0101 1110 1101 1011 1111
0000 1000 0100 0001 1100 1001 0101 1101 1011 1111
0000 1000 0001 1010 1001 0101 1101 1011 1111
0000 1000 0001 1001 0101 1101 1011 1111
0000 0100 0001 1001 0101 1101 1011 1111
0000 0001 1001 0101 1101 1011 1111
0000 1000 0100 1100 1010 0101 1110 1101 1111
0000 1000 0100 0001 1100 1001 0101 1110 1101 1111
0000 1000 0100 0001 1100 1001 0101 1101 1111
0000 1000 0001 1001 0101 1101 1111
0000 0100 0001 1001 0101 1101 1111
0000 0001 1001 0101 1101 1111
0000 1000 0100 1100 0101 1110 1101 1111
0000 1000 0100 1100 0101 1101 1111
0000 0100 0001 1100 0101 1110 1101 1111
0000 0100 0001 1100 0101 1101 1111
0000 0100 0001 0101 1101 1111
0000 0001 0101 1101 1111
0000 0100 1100 0101 1110 1101 1111
0000 0100 1100 0101 1101 1111
0000 0100 0101 1101 1111
0000 1000 0100 1100 1010 1001 1110 1101 1011 1111
0000 1000 0100 1100 1001 1101 1011 1111
0000 1000 0100 1100 1010 1110 1011 1111
0000 1000 0100 1100 1010 1110 1101 1111
0000 1000 0100 1100 1010 1110 1111
0000 1000 0100 1100 1001 1110 1101 1111
0000 1000 0100 1100 1001 1101 1111
0000 1000 0100 1100 1110 1101 1111
0000 1000 0100 1100 1101 1111
0000 1000 0100 1100 1110 1111
0000 0100 1100 1110 1101 1111
0000 0100 1100 1101 1111
0000 0100 1100 1110 1111
0000 1000 0010 0001 1100 1010 1001 0011 1110 1101 1011 1111
0000 1000 0001 1100 1001 0011 1101 1011 1111
0000 1000 0010 0001 1010 1001 0011 1101 1011 1111
0000 1000 0001 1001 0011 1101 1011 1111
0000 0010 0001 1001 0011 1101 1011 1111
0000 0001 1001 0011 1101 1011 1111
0000 1000 0010 1100 1010 0011 1110 1011 1111
0000 1000 0010 0001 1010 1001 0011 1110 1011 1111
0000 1000 0010 0001 1010 1001 0011 1011 1111
0000 1000 0001 1001 0011 1011 1111
0000 0010 0001 1001 0011 1011 1111
0000 0001 1001 0011 1011 1111
0000 1000 0010 1010 0011 1110 1011 1111
0000 1000 0010 1010 0011 1011 1111
0000 0010 0001 1010 0011 1110 1011 1111
0000 0010 0001 1010 0011 1011 1111
0000 0010 0001 0011 1011 1111
0000 0001 0011 1011 1111
0000 0010 1010 0011 1110 1011 1111
0000 0010 1010 0011 1011 1111
0000 0010 0011 1011 1111
0000 1000 0010 1100 1010 1001 1110 1101 1011 1111
0000 1000 0010 1010 1001 1101 1011 1111
0000 1000 0010 1100 1010 1110 1011 1111
0000 1000 0010 1010 1001 1110 1011 1111
0000 1000 0010 1010 1001 1011 1111
0000 1000 0010 1010 1110 1011 1111
0000 1000 0010 1010 1011 1111
0000 0010 1010 1110 1011 1111
0000 0010 1010 1011 1111
0000 1000 0010 1100 1010 1110 1101 1111
0000 1000 0010 1100 1010 1110 1111
0000 1000 0010 1010 1110 1111
0000 0010 1010 1110 1111
0000 1000 0001 1100 1010 1001 1110 1101 1011 1111
0000 1000 0001 1100 1001 1101 1011 1111
0000 1000 0001 1010 1001 1101 1011 1111
0000 1000 0001 1001 1101 1011 1111
0000 0001 1001 1101 1011 1111
0000 1000 0001 1010 1001 1110 1011 1111
0000 1000 0001 1010 1001 1011 1111
0000 1000 0001 1001 1011 1111
0000 0001 1001 1011 1111
0000 1000 0001 1100 1001 1110 1101 1111
0000 1000 0001 1100 1001 1101 1111
0000 1000 0001 1001 1101 1111
0000 0001 1001 1101 1111
0000 1000 1100 1010 1001 1110 1101 1011 1111
0000 1000 1100 1001 1101 1011 1111
0000 1000 1010 1001 1101 1011 1111
0000 1000 1001 1101 1011 1111
0000 1000 1100 1010 1110 1011 1111
0000 1000 1010 1001 1110 1011 1111
0000 1000 1010 1001 1011 1111
0000 1000 1001 1011 1111
0000 1000 1010 1110 1011 1111
0000 1000 1010 1011 1111
0000 1000 1100 1010 1110 1101 1111
0000 1000 1100 1010 1110 1111
0000 1000 1010 1110 1111
0000 1000 1100 1001 1110 1101 1111
0000 1000 1100 1001 1101 1111
0000 1000 1001 1101 1111
0000 1000 1100 1110 1101 1111
0000 1000 1100 1101 1111
0000 1000 1100 1110 1111
